12 9
13 10
15 15
15 21
17 27
17 33
17 37
19 41
19 47
20 50
20 53
21 55
21 56
22 58
23 58
23 59
24 61
24 62
24 63
26 65
26 66
27 68
28 70
28 71
28 73
28 74
30 75
30 77
31 78
32 79
34 81
34 82
35 83
36 85
36 86
38 87
38 88
39 90
41 92
42 93
43 94
44 95
46 97
47 98
48 100
49 102
53 105
55 108
59 111
60 115
64 118
65 120
66 120
66 121
68 122
68 123
69 123
69 124
71 125
73 125
74 126
76 127
77 127
78 127
80 128
81 129
82 129
83 129
83 130
84 130
86 130
87 130
88 130
90 130
91 130
92 130
93 130
94 130
95 130
96 130
96 129
97 128
97 126
99 125
100 122
102 120
103 117
105 114
106 113
108 110
110 106
111 105
113 102
114 100
116 99
116 97
117 96
118 94
119 93
120 91
122 88
123 87
124 86
125 85
127 83
128 82
128 81
129 78
130 77
131 75
131 74
132 73
132 71
132 70
132 69
132 67
132 66
132 65
132 64
132 62
132 60
132 61
132 70
132 78
132 81
132 86
132 94
132 100
132 103
132 106
132 107
132 108
132 110
132 111
132 112
132 114
132 115
132 116
132 117
132 119
132 120
132 125
132 126
131 130
129 133
126 135
126 136
124 137
124 138
124 139
123 139
123 140
122 140
122 141
121 142
120 143
119 143
118 145
117 145
115 146
114 146
113 146
111 146
110 146
108 146
107 146
106 146
105 146
103 144
100 143
97 141
95 140
94 140
94 139
93 139
93 138
92 137
91 137
91 136
90 136
88 135
88 134
87 134
85 132
84 132
84 130
83 130
83 129
82 129
80 128
79 128
78 128
78 127
77 126
76 125
75 125
75 124
74 124
72 124
73 124
79 111
81 100
84 90
87 83
94 72
95 62
97 56
98 54
98 51
98 50
98 49
98 47
99 46
100 45
102 45
103 46
106 48
108 49
112 52
118 58
127 68
132 74
139 83
144 88
147 90
151 96
154 100
156 104
158 106
159 107
160 110
162 113
163 114
164 119
165 119
166 120
166 122
166 123
166 124
166 126
164 127
159 132
154 139
148 143
144 145
140 147
137 150
134 151
133 153
130 153
129 153
128 154
127 154
127 155
126 155
125 155
124 155
123 156
121 156
120 156
117 156
114 158
108 158
105 158
102 158
97 158
94 158
93 158
92 158
88 157
87 156
84 154
82 153
79 150
74 147
73 145
70 142
66 140
63 137
61 133
57 130
53 124
50 120
48 116
45 112
43 107
43 102
41 101
41 98
41 96
41 95
40 93
40 92
40 91
40 90
40 89
40 87
40 86
40 83
40 82
40 78
40 77
41 73
43 71
43 66
45 62
46 61
48 56
50 52
51 51
53 50
56 46
58 44
60 42
61 41
63 40
64 40
65 38
67 38
68 38
69 38
70 38
73 38
76 38
80 39
83 42
88 46
93 50
101 57
111 64
118 71
124 77
130 81
135 84
137 86
138 87
140 89
141 90
142 91
143 92
144 93
145 95
146 97
146 100
146 102
148 104
148 107
148 110
148 113
148 116
148 117
148 118
148 120
148 122
149 124
149 125
149 128
149 131
149 134
149 139
149 141
149 144
149 147
149 150
149 152
148 153
146 154
143 156
142 156
141 156
140 156
138 156
135 156
132 156
129 156
126 156
123 158
119 158
115 158
114 158
112 159
111 159
110 159
108 159
